71
   43.7789      30.5782        1e+06
   47.8701      24.408    794330
   49.6493      19.1671   630960
   50.7703      14.95     501190
   51.2159      11.5889   398110
   51.2538       9.10814  316230
   51.027        7.33706  251190
   50.8235       6.23176  199530
   50.6685       5.60361  158490
   50.6292       5.357    125890
   50.662        5.39241  100000
   50.8755       5.68397   79433
   51.2076       6.18975   63096
   51.6716       6.87141   50119
   52.2806       7.748     39811
   52.9892       8.78324   31623
   53.8325      10.001     25119
   54.7858      11.4155    19953
   55.8312      13.059     15849
   56.9679      15.0074    12589
   58.1051      17.3099    10000
   59.4291      20.1192     7943.3
   60.8608      23.5342     6309.6
   62.4268      27.7045     5011.9
   64.1655      32.8078     3981.1
   66.1212      39.0372     3162.3
   68.3506      46.6516     2511.9
   70.9385      55.9783     1995.3
   73.9467      67.3869     1584.9
   77.5108      81.3521     1258.9
   81.7673      98.4238     1000
   86.9045     119.283       794.33
   93.1589     144.752       630.96
  100.765      175.794       501.19
  110.137      213.691       398.11
  121.607      259.77        316.23
  135.621      315.605       251.19
  152.982      383.679       199.53
  174.297      466.122       158.49
  200.848      566.954       125.89
  233.131      688.308       100
  273.05       834.92         79.433
  323.169     1010.12         63.096
  381.855     1227.55         50.119
  455.216     1486.71         39.811
  545.452     1799.21         31.623
  652.491     2176.26         25.119
  784.407     2631.22         19.953
  942.659     3179.75         15.849
 1134.64      3846.88         12.589
 1368.5       4643.14         10
 1639.38      5598.34          7.9433
 1977.9       6759.29          6.3096
 2393.81      8169.95          5.0119
 2884.18      9870.03          3.9811
 3476.43     11925.1           3.1623
 4187.3      14410.1           2.5119
 5050.55     17398.4           1.9953
 6101        21039.3           1.5849
 7358.29     25415             1.2589
 8935.7      30801.2           1
10809.1      37246.8           0.79433
13078.5      45017.5           0.63096
15897.8      54553.8           0.50119
19262.7      65913.5           0.39811
23384.5      79644.1           0.31623
28384.2      96191.4           0.25119
34515.5     116167             0.19953
41814.7     140342             0.15849
50818.4     169589             0.12589
61783.4     204352             0.1