71
   42.8941      31.4643        1e+06
   47.3319      25.2462   794330
   49.3138      19.8839   630960
   50.5779      15.5611   501190
   51.0973      12.1154   398110
   51.1777       9.54271  316230
   50.9337       7.72318  251190
   50.7429       6.60703  199530
   50.591        5.98934  158490
   50.5562       5.77527  125890
   50.6457       5.8763   100000
   50.8747       6.2553    79433
   51.2442       6.854     63096
   51.7485       7.67802   50119
   52.4161       8.68928   39811
   53.2083       9.91114   31623
   54.1349      11.3311    25119
   55.1688      12.9852    19953
   56.2704      14.9231    15849
   57.472       17.2432    12589
   58.7281      20.033     10000
   60.1293      23.463      7943.3
   61.6513      27.6493     6309.6
   63.3419      32.7707     5011.9
   65.2454      39.0434     3981.1
   67.3779      46.7361     3162.3
   69.8246      56.1681     2511.9
   72.6626      67.7562     1995.3
   75.9907      82.0181     1584.9
   79.9448      99.5045     1258.9
   84.7173     120.971      1000
   90.5176     147.291       794.33
   97.607      179.539       630.96
  106.336      219.036       501.19
  117.115      267.307       398.11
  130.502      326.301       316.23
  147.171      398.317       251.19
  167.95       487.025       199.53
  193.8        593.974       158.49
  225.945      723.983       125.89
  265.805      881.936       100
  315.861     1072.99         79.433
  379.986     1302.64         63.096
  453.868     1585.6          50.119
  548.222     1926.55         39.811
  664.296     2337.82         31.623
  805.891     2828.42         25.119
  979.607     3426.03         19.953
 1190.92      4145.74         15.849
 1444.7       5006.94         12.589
 1756.72      6049.75         10
 2142.66      7305.32          7.9433
 2582.07      8822.94          6.3096
 3146.02     10652.2           5.0119
 3825.67     12857.6           3.9811
 4630.43     15523.6           3.1623
 5613.05     18742.3           2.5119
 6804.52     22627.1           1.9953
 8250.9      27310.1           1.5849
10021.4      32935.9           1.2589
12222.4      39862.7           1
14922.4      48320.7           0.79433
18186.5      58339.2           0.63096
22153.8      70457.5           0.50119
27120.1      85038.6           0.39811
33276.3     102675             0.31623
40758.7     123660             0.25119
49929.2     149021             0.19953
61757.4     180071             0.15849
75677       216822             0.12589
94564       260765             0.1